     4597      90.000000      15.000000          0.70000000        -55.37816505        -55.38633908
      347      90.000000      15.000000          0.80000000        -55.47638575        -55.48457214
     4598      90.000000      15.000000          0.90000000        -55.54009416        -55.54828859
      709      90.000000      15.000000          1.00000000        -55.58107230        -55.58927219
     4599      90.000000      15.000000          1.10000000        -55.60665242        -55.61485322
     4600      90.000000      15.000000          1.20000000        -55.62158512        -55.62978370
     4601      90.000000      15.000000          1.30000000        -55.62904923        -55.63724186
     4602      90.000000      15.000000          1.40000000        -55.63122817        -55.63941121
     4603      90.000000      15.000000          1.45000000        -55.63083390        -55.63901080
     4604      90.000000      15.000000          1.50000000        -55.62965576        -55.63782566
     4605      90.000000      15.000000          1.60000000        -55.62543042        -55.63358374
     4606      90.000000      15.000000          1.70000000        -55.61935091        -55.62748420
     4619      90.000000      15.000000          1.90000000        -55.60383298        -55.61191573
     2104      90.000000      15.000000          2.05000000        -55.59071884        -55.59875504
     4621      90.000000      15.000000          2.20000000        -55.57725876        -55.58524098
     2105      90.000000      15.000000          2.35000000        -55.56397633        -55.57189845
     4622      90.000000      15.000000          2.50000000        -55.55310356        -55.55895302
     4623      90.000000      15.000000          2.70000000        -55.53733249        -55.54305661
     4624      90.000000      15.000000          2.90000000        -55.52300546        -55.52867756
     4625      90.000000      15.000000          3.00000000        -55.51977012        -55.52601326
     4626      90.000000      15.000000          3.05000000        -55.52170063        -55.52787766
     4627      90.000000      15.000000          3.10000000        -55.52351368        -55.52962739
      871      90.000000      15.000000          3.20000000        -55.52681326        -55.53280855
     4628      90.000000      15.000000          3.30000000        -55.52971745        -55.53560327
     4629      90.000000      15.000000          3.60000000        -55.53647361        -55.54208933
     4630      90.000000      15.000000          4.00000000        -55.54214202        -55.54751068
     4631      90.000000      15.000000          4.50000000        -55.54599446        -55.55116430
     4632      90.000000      15.000000          5.00000000        -55.54777968        -55.55292855
     4633      90.000000      15.000000          5.50000000        -55.54859276        -55.55371818
     4634      90.000000      15.000000          6.00000000        -55.54895296        -55.55406482
     4635      90.000000      15.000000          7.00000000        -55.54916053        -55.55425860
     4636      90.000000      15.000000          8.00000000        -55.54918495        -55.55427777
     4637      90.000000      15.000000         10.00000000        -55.54917740        -55.55426705
     4638      90.000000      15.000000         12.00000000        -55.54917323        -55.55426215
     4639      90.000000      15.000000         14.00000000        -55.54917188        -55.55426137
