     3695      90.000000       1.100000         14.00000000        -55.21350429        -55.21999919
     3702      90.000000       1.200000         14.00000000        -55.37102146        -55.37755405
     3771      90.000000       1.300000         14.00000000        -55.48059947        -55.48709400
     1729      90.000000       1.400000         14.00000000        -55.55634507        -55.56296813
     3806      90.000000       1.500000         14.00000000        -55.60751497        -55.61418957
     1445      90.000000       1.600000         14.00000000        -55.64104708        -55.64777237
     3842      90.000000       1.700000         14.00000000        -55.66185753        -55.66863146
     3878      90.000000       1.800000         14.00000000        -55.67350180        -55.68032127
     3913      90.000000       1.900000         14.00000000        -55.67855510        -55.68541566
     3947      90.000000       1.950000         14.00000000        -55.67921746        -55.68609682
     3982      90.000000       2.000000         14.00000000        -55.67889318        -55.68578948
     4017      90.000000       2.100000         14.00000000        -55.67589786        -55.68282228
     4050      90.000000       2.200000         14.00000000        -55.67059757        -55.67754188
     4085      90.000000       2.400000         14.00000000        -55.65597554        -55.66293167
      642      90.000000       2.550000         14.00000000        -55.64341608        -55.65035393
     4118      90.000000       2.700000         14.00000000        -55.63066709        -55.63756035
     4152      90.000000       2.900000         14.00000000        -55.61444784        -55.62123883
     4184      90.000000       3.000000         14.00000000        -55.60693422        -55.61365675
     4217      90.000000       3.300000         14.00000000        -55.58741297        -55.59380069
     4248      90.000000       3.600000         14.00000000        -55.57327343        -55.57931567
     4280      90.000000       3.900000         14.00000000        -55.56385074        -55.56957136
     4313      90.000000       4.000000         14.00000000        -55.56158283        -55.56721587
     1480      90.000000       4.250000         14.00000000        -55.55733085        -55.56279109
     4344      90.000000       4.500000         14.00000000        -55.55455982        -55.55992579
     4377      90.000000       5.000000         14.00000000        -55.55163017        -55.55687152
     4409      90.000000       5.500000         14.00000000        -55.55037184        -55.55554576
     4442      90.000000       6.000000         14.00000000        -55.54979203        -55.55492979
     4475      90.000000       7.000000         14.00000000        -55.54936182        -55.55446905
     4508      90.000000       8.000000         14.00000000        -55.54924237        -55.55433904
     4541      90.000000       9.000000         14.00000000        -55.54920471        -55.55429721
     4573      90.000000      11.000000         14.00000000        -55.54918063        -55.55427060
     4606      90.000000      13.000000         14.00000000        -55.54917404        -55.55426371
     4639      90.000000      15.000000         14.00000000        -55.54917188        -55.55426137
