       15134   90.00000       18.00000       1.200000      -466.723022800000       -466.733566000000     
       15135   90.00000       18.00000       1.400000      -467.238059800000       -467.248594500000     
       15136   90.00000       18.00000       1.600000      -467.521406000000       -467.532018800000     
       15137   90.00000       18.00000       1.800000      -467.673627600000       -467.684388400000     
       15138   90.00000       18.00000       2.000000      -467.750746500000       -467.761710400000     
       15139   90.00000       18.00000       2.200000      -467.784535100000       -467.795741500000     
       15140   90.00000       18.00000       2.400000      -467.793386200000       -467.804856000000     
       15141   90.00000       18.00000       2.600000      -467.788157600000       -467.799887600000     
       15142   90.00000       18.00000       2.800000      -467.775368200000       -467.787328600000     
       15143   90.00000       18.00000       3.000000      -467.758921700000       -467.771059300000     
       15144   90.00000       18.00000       3.200000      -467.741150600000       -467.753400800000     
       15145   90.00000       18.00000       3.400000      -467.723479100000       -467.735775400000     
       15146   90.00000       18.00000       3.600000      -467.706788800000       -467.719065000000     
       15147   90.00000       18.00000       3.800000      -467.693073900000       -467.703720300000     
       15148   90.00000       18.00000       4.000000      -467.680038200000       -467.690643300000     
       15149   90.00000       18.00000       4.200000      -467.668646200000       -467.678979200000     
       15150   90.00000       18.00000       4.400000      -467.659600300000       -467.668851700000     
       15151   90.00000       18.00000       4.600000      -467.651877000000       -467.660888700000     
       15152   90.00000       18.00000       4.800000      -467.645735300000       -467.654537300000     
       15153   90.00000       18.00000       5.000000      -467.640954000000       -467.649579600000     
       15154   90.00000       18.00000       5.200000      -467.637298900000       -467.645781300000     
       15155   90.00000       18.00000       5.400000      -467.634579700000       -467.643353300000     
       15156   90.00000       18.00000       5.600000      -467.632524800000       -467.641210800000     
       15157   90.00000       18.00000       5.800000      -467.631007400000       -467.639626100000     
       15158   90.00000       18.00000       6.000000      -467.629877300000       -467.638040300000     
       15159   90.00000       18.00000       6.500000      -467.628245100000       -467.636328400000     
       15160   90.00000       18.00000       7.000000      -467.627120600000       -467.635561000000     
       15161   90.00000       18.00000       7.500000      -467.626947300000       -467.634966200000     
       15162   90.00000       18.00000       8.000000      -467.627017600000       -467.635431600000     
       15163   90.00000       18.00000       8.500000      -467.626902000000       -467.634905300000     
       15164   90.00000       18.00000       9.000000      -467.626882300000       -467.634881700000     
       15165   90.00000       18.00000       9.500000      -467.626868100000       -467.634864900000     
       15166   90.00000       18.00000       10.00000      -467.626858700000       -467.634853700000     
       15167   90.00000       18.00000       10.50000      -467.626850700000       -467.634844600000     
       15168   90.00000       18.00000       11.00000      -467.626846100000       -467.634839200000     
       15169   90.00000       18.00000       11.50000      -467.626842000000       -467.634834500000     
       15170   90.00000       18.00000       12.00000      -467.626839600000       -467.634831700000   
