       13690   90.00000       2.200000       12.00000      -467.303065700000       -467.316893900000     
       13727   90.00000       2.400000       12.00000      -467.481753500000       -467.495792600000     
       13764   90.00000       2.600000       12.00000      -467.603683100000       -467.617903400000     
       13801   90.00000       2.800000       12.00000      -467.684375700000       -467.698755000000     
       13838   90.00000       3.000000       12.00000      -467.736831100000       -467.751019700000     
       13875   90.00000       3.200000       12.00000      -467.768526600000       -467.782890900000     
       13912   90.00000       3.400000       12.00000      -467.786747700000       -467.801293400000     
       13949   90.00000       3.600000       12.00000      -467.795887000000       -467.810617800000     
       13986   90.00000       3.800000       12.00000      -467.798950800000       -467.813868600000     
       14023   90.00000       4.000000       12.00000      -467.797987200000       -467.813093100000     
       14060   90.00000       4.200000       12.00000      -467.794390900000       -467.809685100000     
       14097   90.00000       4.400000       12.00000      -467.789111200000       -467.804594100000     
       14134   90.00000       4.600000       12.00000      -467.782793700000       -467.798462400000     
       14171   90.00000       4.800000       12.00000      -467.775877200000       -467.791726900000     
       14208   90.00000       5.000000       12.00000      -467.768660000000       -467.784680700000     
       14245   90.00000       5.200000       12.00000      -467.761344300000       -467.777519800000     
       14282   90.00000       5.400000       12.00000      -467.754066800000       -467.770373900000     
       14319   90.00000       5.600000       12.00000      -467.746916800000       -467.763328400000     
       14356   90.00000       5.800000       12.00000      -467.739948600000       -467.756436900000     
       14393   90.00000       6.000000       12.00000      -467.732947500000       -467.749364300000     
       14430   90.00000       6.200000       12.00000      -467.726364600000       -467.742994400000     
       14467   90.00000       6.400000       12.00000      -467.720304300000       -467.736898000000     
       14504   90.00000       6.600000       12.00000      -467.713368000000       -467.729764700000     
       14541   90.00000       6.800000       12.00000      -467.707158000000       -467.723553200000     
       14578   90.00000       7.000000       12.00000      -467.701037700000       -467.717413100000     
       14615   90.00000       7.500000       12.00000      -467.685932900000       -467.702112500000     
       14652   90.00000       8.000000       12.00000      -467.671111700000       -467.686705600000     
       14689   90.00000       8.500000       12.00000      -467.657427300000       -467.671892600000     
       14726   90.00000       9.000000       12.00000      -467.646204900000       -467.659096800000     
       14763   90.00000       9.500000       12.00000      -467.638113100000       -467.649340200000     
       14800   90.00000       10.00000       12.00000      -467.633080800000       -467.642954200000     
       14837   90.00000       10.50000       12.00000      -467.630181800000       -467.639171300000     
       14874   90.00000       11.00000       12.00000      -467.628569600000       -467.637056000000     
       14911   90.00000       11.50000       12.00000      -467.627797800000       -467.636045800000     
       14948   90.00000       12.00000       12.00000      -467.627369100000       -467.635493300000     
       14985   90.00000       12.50000       12.00000      -467.627157100000       -467.635635400000     
       15022   90.00000       13.00000       12.00000      -467.626895300000       -467.634900700000     
       15059   90.00000       14.00000       12.00000      -467.626903500000       -467.634909200000     
       15093   90.00000       15.00000       10.50000      -467.626921300000       -467.635233400000     
       15133   90.00000       16.50000       12.00000      -467.626846200000       -467.634839600000     
       15170   90.00000       18.00000       12.00000      -467.626839600000       -467.634831700000
