1   170.0 18.0 1.2 -467.2500653 -467.2635636
2   170.0 18.0 1.4 -467.4114647 -467.4225630
3   170.0 18.0 1.6 -467.5182528 -467.5309774
4   170.0 18.0 1.8 -467.5935074 -467.6044792
5   170.0 18.0 2.0 -467.6425594 -467.6535204
6   170.0 18.0 2.2 -467.6745981 -467.6855593
7   170.0 18.0 2.4 -467.6933485 -467.7067016
8   170.0 18.0 2.6 -467.7065992 -467.7175558
9   170.0 18.0 2.8 -467.7127490 -467.7236876
10   170.0 18.0 3.0 -467.7148606 -467.7257638
11   170.0 18.0 3.2 -467.7141726 -467.7250236
12   170.0 18.0 3.4 -467.7070420 -467.7213821
13   170.0 18.0 3.6 -467.7077115 -467.7184160
14   170.0 18.0 3.8 -467.7027168 -467.7133272
15   170.0 18.0 4.0 -467.6980375 -467.7090819
16   170.0 18.0 4.2 -467.6923712 -467.7027900
17   170.0 18.0 4.4 -467.6867693 -467.6970802
18   170.0 18.0 4.6 -467.6812521 -467.6914525
19   170.0 18.0 4.8 -467.6758824 -467.6859690
20   170.0 18.0 5.0 -467.6707189 -467.6806871
21   170.0 18.0 5.2 -467.6657207 -467.6755645
22   170.0 18.0 5.4 -467.6609600 -467.6706740
23   170.0 18.0 5.6 -467.6566140 -467.6661974
24   170.0 18.0 5.8 -467.6524452 -467.6618917
25   170.0 18.0 6.0 -467.6484972 -467.6577994
26   170.0 18.0 6.5 -467.6408766 -467.6498560
27   170.0 18.0 7.0 -467.6341975 -467.6428890
28   170.0 18.0 7.5 -467.6313774 -467.6397998
29   170.0 18.0 8.0 -467.6294450 -467.6378176
30   170.0 18.0 8.5 -467.6280988 -467.6363905
31   170.0 18.0 9.0 -467.6278400 -467.6359307
32   170.0 18.0 9.5 -467.6274486 -467.6359080
33   170.0 18.0 10.0 -467.6272088 -467.6356451
34   170.0 18.0 10.5 -467.6270571 -467.6350744
35   170.0 18.0 11.0 -467.6269780 -467.6353910
36   170.0 18.0 11.5 -467.6269189 -467.6349219
37   170.0 18.0 12.0 -467.6268867 -467.6348860
38   170.0 18.0 14.0 -467.6268426 -467.6348359
39   170.0 18.0 16.0 -467.6268345 -467.6348263
